0.357182
0.192998
0.042705
0.000000
0.000000
0.000000
0.000000
0.000000
0.315853
0.000000
0.000000
0.000000
0.000000
0.000000
0.000000
0.000000
0.128849
0.000000
0.000000
0.000000
0.000000
0.034806
0.106806
0.000000
0.000000
0.000000
0.000000
0.000000
0.000000
0.334801
0.383055
0.042635
0.000000
0.000000
0.000000
0.000000
0.071039
0.411816
0.568018
0.076110
0.000000
0.000000
0.000000
0.002688
0.443066
0.747599
0.510416
0.138920
0.000000
0.000000
0.000000
0.246031
0.470030
0.492922
0.218693
0.000000
0.000000
0.000000
0.000000
0.000000
0.000000
0.000000
0.000000
0.000000
0.564094
0.843959
0.880406
0.674561
0.542013
0.432649
0.371099
0.417844
0.481535
0.585535
0.776178
0.806857
0.571630
0.323868
0.234819
0.249135
0.515438
0.678198
1.022742
1.260650
0.674229
0.468535
0.280166
0.097598
0.456829
0.974034
1.251660
1.198837
0.791341
0.515262
0.135727
0.000000
0.563377
1.227131
1.158366
1.065856
0.565315
0.205463
0.018742
0.000000
0.687058
1.278021
1.153728
0.881534
0.460309
0.168362
0.000000
0.000000
0.516828
1.091125
0.966292
0.548629
0.177373
0.000000
0.000000
0.000000
0.560111
0.868434
0.656380
0.356608
0.085435
0.000000
0.000000
0.000000
0.000000
0.013025
0.000000
0.000000
0.000000
0.000000
0.059706
0.091217
0.000000
0.000000
0.000000
0.000000
0.000000
0.000000
0.164962
0.000000
0.000000
0.000000
0.000000
0.000000
0.003572
0.195901
0.387728
0.067206
0.000000
0.000000
0.000000
0.092448
0.442892
0.676179
0.547115
0.000000
0.000000
0.000000
0.000000
0.257110
0.725077
0.865727
0.439420
0.000000
0.000000
0.000000
0.007379
0.461009
0.809879
0.763747
0.617763
0.054347
0.003901
0.075919
0.544226
0.869019
0.948742
0.802220
0.685603
0.000000
0.000000
0.191132
0.460542
0.570958
0.524115
0.269904
0.214223
0.000000
0.492012
0.467036
0.337558
0.381086
0.405370
0.373970
0.326055
0.369837
0.390794
0.000000
0.000000
0.000000
0.000000
0.072042
0.101590
0.236531
0.214517
0.000000
0.000000
0.000000
0.000000
0.259652
0.217939
0.128445
0.000000
0.000000
0.000000
0.000000
0.016476
0.011080
0.016646
0.000000
0.000000
0.000000
0.000000
0.000000
0.059777
0.246899
0.365562
0.105908
0.000000
0.000000
0.000000
0.247020
0.470254
0.813073
0.457737
0.000000
0.000000
0.000000
0.147261
0.511879
0.841298
0.773493
0.217239
0.168517
0.000000
0.049355
0.227922
0.508249
0.425429
0.168414
0.024338
0.061955
0.000000
0.000000
0.000000
0.000000
0.000000
0.000000
0.000000
0.000000
0.000000
0.000000
0.000000
0.000000
0.000000
0.000000
0.000000
0.000000
0.000000
0.000000
0.000000
0.000000
0.000000
0.000000
0.000000
0.000000
0.000000
0.000000
0.000000
0.000000
0.000000
0.000000
0.000000
0.000000
0.000000
0.000000
0.000000
0.000000
0.000000
0.000000
0.000000
0.000000
0.000000
0.000000
0.000000
0.000000
0.000000
0.000000
0.000000
0.000000
0.000000
0.000000
0.000000
0.000000
0.000000
0.000000
0.000000
0.000000
0.000000
0.000000
0.000000
0.000000
0.000000
0.000000
0.000000
0.000000
0.000000
0.000000
0.000000
0.000000
0.000000
0.000000
0.000000
0.000000
0.000000
0.000000
0.000000
0.000000
0.000000
0.000000
0.000000
0.000000
0.000000
0.000000
0.245504
0.502690
0.334079
0.293034
0.000000
0.052986
0.000000
0.183362
0.739158
0.731212
0.328242
0.204106
0.000000
0.000000
0.000000
0.624275
0.815776
0.946099
0.527587
0.000000
0.000000
0.000000
0.298994
0.888685
0.869300
0.851781
0.465321
0.000000
0.000000
0.000000
0.248832
0.537282
0.399357
0.212151
0.000000
0.000000
0.000000
0.000000
0.000000
0.043690
0.000000
0.000000
0.000000
0.000000
0.000000
0.000000
0.000000
0.142039
0.151933
0.157997
0.026712
0.039231
0.000000
0.000000
0.000000
0.012639
0.018637
0.226288
0.044009
0.000000
0.000000
0.000000
0.000000
0.184944
0.097071
0.357367
0.300032
0.000000
0.000000
0.000000
0.107082
0.365976
0.244647
0.123323
0.000000
0.000000
0.000000
0.000000
0.255725
0.401816
0.200645
0.000000
0.000000
0.000000
0.000000
0.000000
0.128006
0.000000
0.000000
0.000000
0.000000
0.000000
0.000000
0.000000
0.000000
0.000000
0.000000
0.000000
0.000000
0.000000
0.000000
0.000000
0.117016
0.000000
0.000000
0.000000
0.000000
0.017077
0.000000
0.000000
0.387706
0.418893
0.229607
0.511412
0.785219
0.955616
1.017822
0.546965
0.459639
0.507007
0.128068
0.471656
0.951245
1.226715
1.263875
0.885691
0.217214
0.000000
0.000000
0.277682
0.952300
1.291609
1.460238
0.816386
0.000000
0.000000
0.000000
0.412129
1.052007
1.484667
1.480887
0.754309
0.000000
0.000000
0.124389
0.751128
1.129815
1.441457
1.212078
0.424415
0.000000
0.178958
0.902134
1.139295
1.215921
1.135186
0.869206
0.125781
0.000000
0.627368
0.849517
0.898536
0.841964
0.734170
0.384011
0.000000
0.000000
0.541591
0.871330
0.926274
0.785077
0.758019
0.520974
0.391802
0.105730
0.000000
0.000000
0.000000
0.000000
0.000000
0.000000
0.000000
0.000000
0.151751
0.000000
0.000000
0.000000
0.000000
0.000000
0.000000
0.000000
0.132990
0.000000
0.000000
0.000000
0.000000
0.000000
0.000000
0.010716
0.209654
0.000000
0.000000
0.000000
0.000000
0.000000
0.000000
0.000000
0.000000
0.000000
0.000000
0.000000
0.000000
0.000000
0.000000
0.000000
0.000000
0.000000
0.000000
0.000000
0.000000
0.000000
0.064992
0.000000
0.000000
0.000000
0.000000
0.000000
0.000000
0.000000
0.360734
0.113302
0.336858
0.000000
0.000000
0.000000
0.148628
0.338970
0.306643
0.000000
0.000000
0.061240
0.364650
0.335547
0.180532
0.035728
0.000000
0.000000
0.000000
0.000000
0.044727
0.126468
0.000000
0.000000
0.000000
0.000000
0.000000
0.197605
0.290232
0.428374
0.177051
0.000000
0.000000
0.000000
0.044275
0.532805
0.645575
0.344234
0.060226
0.000000
0.000000
0.076008
0.250384
0.615279
0.628997
0.336271
0.000000
0.000000
0.000000
0.381894
0.361676
0.735710
0.465687
0.054379
0.000000
0.000000
0.000000
0.251633
0.309429
0.354649
0.161674
0.000000
0.000000
0.000000
0.000000
0.113180
0.000000
0.000000
0.000000
0.000000
0.000000
0.000000
0.000000
0.017577
0.004834
0.000000
0.000000
0.069047
0.231992
0.223764
0.284997
0.058516
0.000000
0.000000
0.000000
0.122311
0.260978
0.199999
0.294601
0.018486
0.000000
0.000000
0.000000
0.173728
0.229099
0.186836
0.319692
0.000000
0.000000
0.000000
0.000000
0.198268
0.464148
0.402632
0.532971
0.000000
0.000000
0.000000
0.000000
0.214911
0.553714
0.896974
0.623361
0.000000
0.000000
0.000000
0.000000
0.338445
0.879305
1.018733
0.520356
0.000000
0.000000
0.000000
0.184602
0.707177
1.045854
0.817226
0.297729
0.000000
0.064055
0.306617
0.521157
0.842396
0.900908
0.690941
0.108545
0.055413
0.000000
0.000000
0.166089
0.233549
0.190765
0.118349
0.113138
0.000000
0.000000
0.000000
0.286382
0.773709
0.685306
0.394239
0.103284
0.000000
0.000000
0.090526
0.390039
0.872031
0.804455
0.419372
0.260120
0.000000
0.000000
0.342773
0.842039
1.214884
0.953476
0.428547
0.201174
0.000000
0.000000
0.711745
1.016613
1.188224
0.908632
0.079848
0.000000
0.087264
0.113418
0.681386
0.791979
0.956608
0.473035
0.000000
0.000000
0.220828
0.355232
0.691590
0.619639
0.469998
0.177498
0.000000
0.000000
0.673880
0.846126
0.995314
0.879701
0.622206
0.430851
0.417685
0.235511
0.000000
0.010443
0.087174
0.055421
0.017690
0.043394
0.203579
0.067937
0.000000
0.000000
0.000000
0.000210
0.194163
0.173639
0.379044
0.283635
0.000000
0.281378
0.526054
0.500421
0.359108
0.196141
0.329971
0.280412
0.346536
0.788506
0.849836
0.629487
0.242514
0.000000
0.000000
0.071969
0.902260
1.294887
1.097320
0.709161
0.000000
0.000000
0.031685
0.197141
1.100566
1.237200
0.554937
0.000000
0.000000
0.000000
0.000000
0.000000
0.678005
0.798082
0.373117
0.000000
0.000000
0.000000
0.000000
0.000000
0.552884
0.761711
0.331231
0.025664
0.094224
0.000000
0.000000
0.078617
0.079365
0.000325
0.090353
0.041290
0.094783
0.037544
0.078711
0.000000
0.079991
0.000000
0.000000
0.000000
0.007559
0.181691
0.000000
0.000000
0.000000
0.000000
0.000000
0.000000
0.407763
0.335348
0.070908
0.000000
0.000000
0.000000
0.621473
0.621133
0.683933
0.548580
0.213197
0.000000
0.000000
0.101339
0.753471
0.771583
0.754414
0.697030
0.210182
0.000000
0.067048
0.355648
1.022148
1.027374
1.135792
0.591943
0.000000
0.000000
0.468578
0.773943
1.250494
1.280336
0.817850
0.181674
0.000000
0.000000
0.415484
0.733294
0.695163
0.283586
0.000000
0.000000
0.000000
0.000000
0.451590
0.209202
0.000000
0.256114
0.428632
0.639616
0.668391
0.237182
0.565575
0.213554
0.270077
0.552059
0.821443
1.077183
0.976943
0.203001
0.405102
0.047710
0.000000
0.475742
0.625002
0.987938
1.151628
0.315026
0.301198
0.000000
0.000000
0.185684
0.490543
1.049209
1.127255
0.180173
0.183427
0.000000
0.000000
0.206788
0.820959
1.240578
1.018596
0.016009
0.183747
0.003531
0.199109
0.634067
1.135820
1.313092
1.084068
0.251538
0.345326
0.458463
0.790187
0.957318
1.115556
1.166935
1.121916
0.402203
0.264846
0.530258
0.716402
0.880787
0.939726
0.882105
0.742788
0.343436
0.280448
0.253865
0.412042
0.274453
0.281069
0.254206
0.260835
0.142095
0.306295
0.271388
0.563505
0.404245
0.382578
0.324351
0.261719
0.168389
0.160364
0.213397
0.019880
0.165555
0.409780
0.226721
0.266477
0.143666
0.127434
0.000000
0.000000
0.000000
0.129488
0.105294
0.133406
0.108145
0.085580
0.000000
0.253526
0.000000
0.027948
0.228808
0.278520
0.165146
0.200932
0.374089
0.384343
0.125068
0.020866
0.000000
0.269750
0.445571
0.251047
0.241847
0.184565
0.000000
0.000000
0.000000
0.173621
0.248739
0.000000
0.000000
0.000000
0.000000
0.000000
0.024698
0.173945
0.000000
0.000000
0.000000
0.000000
0.000000
0.000000
0.000000
0.000000
0.000000
0.000000
0.000000
0.000000
0.000000
0.000000
0.000000
0.000000
0.000000
0.000000
0.109777
0.000000
0.000000
0.000000
0.000000
0.000000
0.000000
0.149517
0.148108
0.000000
0.012795
0.000000
0.000000
0.000000
0.000000
0.354262
0.273726
0.131316
0.156290
0.000000
0.000000
0.000000
0.000000
0.135453
0.195181
0.331227
0.225565
0.000000
0.000000
0.000000
0.000000
0.000000
0.000000
0.097694
0.230074
0.000000
0.000000
0.000000
0.000000
0.000000
0.000000
0.000000
0.000000
0.000000
0.000000
0.000000
0.000000
0.576190
0.893613
0.757342
0.708241
0.639992
0.668049
0.598621
0.715728
0.450259
0.704196
0.726440
0.899997
0.701908
0.983358
0.941789
0.679453
0.305351
0.833505
1.290625
1.343778
0.744323
0.803730
0.867918
0.582037
0.277592
1.164251
1.501637
1.219769
0.468321
0.456518
0.620288
0.605246
0.479470
1.541101
1.381203
0.745659
0.204580
0.280519
0.398137
0.567711
0.941739
1.982811
1.357636
0.467723
0.107771
0.279609
0.399509
0.602899
0.947472
1.739900
1.251872
0.465502
0.320692
0.353120
0.537073
0.649800
0.550631
1.040888
0.639956
0.073040
0.037164
0.192693
0.278702
0.214088
0.122851
0.003046
0.305664
0.091042
0.130333
0.125231
0.000000
0.000000
0.000000
0.000000
0.000000
0.000000
0.000000
0.000000
0.000000
0.000000
0.000000
0.000000
0.000000
0.000000
0.000000
0.000000
0.000000
0.000000
0.000000
0.000000
0.000000
0.000000
0.000000
0.000000
0.000000
0.000000
0.000000
0.000000
0.000000
0.000000
0.000000
0.000000
0.265215
0.189543
0.000000
0.000000
0.000000
0.000000
0.000000
0.594835
0.821290
0.518593
0.000000
0.000000
0.000000
0.000000
0.581660
1.153629
1.166007
0.379906
0.009023
0.130574
0.341177
0.639143
1.083820
1.180254
0.937610
0.379898
0.000000
0.000000
0.275177
0.332358
0.384401
0.288095
0.252650
0.000000
0.000000
0.401961
0.904079
0.887213
0.803577
0.551984
0.252395
0.092468
0.334891
0.770418
0.918776
0.943534
0.810663
0.505563
0.196481
0.000000
0.691401
0.981627
0.685159
0.593861
0.324915
0.235419
0.111859
0.000000
0.747026
0.882407
0.392256
0.023386
0.000000
0.000000
0.028435
0.000000
0.591469
0.475534
0.142124
0.000000
0.000000
0.000000
0.000000
0.000000
0.514454
0.406650
0.000000
0.000000
0.000000
0.000000
0.000000
0.000000
0.234229
0.028624
0.000000
0.000000
0.000000
0.000000
0.000000
0.000000
0.250106
0.125595
0.000000
0.145560
0.007449
0.000000
0.000000
0.000000
0.446405
0.000000
0.000000
0.000000
0.000000
0.000000
0.152673
0.000000
0.334778
0.092558
0.000000
0.383776
0.287528
0.177850
0.121817
0.000000
0.367710
0.190031
0.200261
0.638125
0.508274
0.319278
0.018296
0.000000
0.338279
0.212408
0.450870
0.691298
0.719142
0.259622
0.093562
0.000000
0.492372
0.457151
0.756178
0.894124
0.815129
0.392346
0.152603
0.000000
0.530416
0.711627
1.169177
1.276435
0.838358
0.342423
0.251366
0.000000
0.251358
0.586603
0.882455
0.602855
0.009624
0.000000
0.000000
0.000000
0.324190
0.249316
0.421950
0.479277
0.708236
0.801786
0.817662
0.458861
0.573841
0.739460
1.022995
0.894840
0.951118
1.133612
1.107009
0.471502
0.484351
0.653086
0.926681
0.698506
0.764092
0.889549
0.953479
0.406171
0.541419
0.701042
0.669212
0.361467
0.650008
0.896008
0.956280
0.393159
0.755551
0.989645
0.742689
0.692183
0.797681
1.066994
0.792817
0.306827
0.910923
1.190896
0.855091
0.962209
1.005888
0.670342
0.422124
0.315526
0.741981
0.880881
0.899181
0.812976
0.679784
0.239931
0.264999
0.186807
0.199404
0.404776
0.326576
0.336070
0.232667
0.161071
0.311115
0.000000
0.000000
0.000000
0.000000
0.000000
0.000000
0.000000
0.000000
0.000000
0.000000
0.000000
0.000000
0.000000
0.000000
0.000000
0.000000
0.000000
0.000000
0.000000
0.000000
0.000000
0.000000
0.000000
0.000000
0.000000
0.000000
0.000000
0.000000
0.000000
0.000000
0.000000
0.000000
0.000000
0.000000
0.000000
0.000000
0.000000
0.000000
0.000000
0.000000
0.000000
0.000000
0.000000
0.000000
0.000000
0.000000
0.000000
0.000000
0.021075
0.000000
0.000000
0.000000
0.000000
0.000000
0.000000
0.000000
0.000000
0.000000
0.000000
0.000000
0.135258
0.203413
0.038970
0.000000
0.000000
0.000000
0.000000
0.000000
0.000000
0.000000
0.000000
0.000000
0.000000
0.000000
0.000000
0.000000
0.000000
0.000000
0.000000
0.000000
0.000000
0.000000
0.000000
0.000000
0.000000
0.000000
0.000000
0.000000
0.000000
0.000000
0.000000
0.000000
0.000000
0.000000
0.000000
0.000000
0.000000
0.000000
0.000000
0.000000
0.000000
0.000000
0.000000
0.000000
0.000000
0.000000
0.000000
0.000000
0.000000
0.000000
0.000000
0.000000
0.000000
0.000000
0.000000
0.000000
0.000000
0.000000
0.000000
0.000000
0.000000
0.000000
0.000000
0.000000
0.000000
0.000000
0.000000
0.000000
0.000000
0.000000
0.000000
0.000000
0.000000
0.000000
0.000000
0.000000
0.000000
0.000000
0.000000
0.000000
0.000000
0.000000
0.000000
0.000000
0.000000
0.000000
0.000000
0.000000
0.000000
0.000000
0.000000
0.000000
0.000000
0.000000
0.000000
0.164507
0.000000
0.000000
0.000000
0.000000
0.000000
0.000000
0.000000
0.360761
0.158356
0.000000
0.000000
0.000000
0.000000
0.000000
0.082147
0.000000
0.000000
0.000000
0.000000
0.000000
0.000000
0.000000
0.000000
0.000000
0.000000
0.000000
0.000000
0.000000
0.000000
0.000000
0.026969
0.000000
0.000000
0.000000
0.000000
0.000000
0.000000
0.152790
0.000000
0.000000
0.000000
0.000000
0.000000
0.000000
0.000000
0.117762
0.000000
0.000000
0.000000
0.000000
0.000000
0.000000
0.000000
0.000000
0.000000
0.000000
0.000000
0.000000
0.000000
0.000000
0.000000
0.000000
0.000000
0.000000
0.000000
0.000000
0.000000
0.000000
0.000000
0.000000
0.000000
0.000000
0.000000
0.000000
0.000000
0.232513
0.000000
0.000000
0.000000
0.000000
0.000000
0.000000
0.249236
0.283416
0.000000
0.000000
0.000000
0.000000
0.000000
0.000000
0.077853
0.000000
0.000000
0.000000
0.000000
0.000000
0.000000
0.000000
0.000000
0.000000
0.000000
0.000000
0.000000
0.000000
0.000000
0.000000
0.000000
0.000000
0.000000
0.000000
0.000000
0.000000
0.000000
0.000000
0.000000
0.000000
0.000000
0.000000
0.000000
0.093559
0.098326
0.000000
0.000000
0.000000
0.000000
0.000000
0.000000
0.047128
0.091598
0.000000
0.000000
0.000000
0.000000
0.000000
0.277251
0.150881
0.010682
0.000000
0.000000
0.000000
0.000000
0.000000
0.160265
0.037434
0.000000
0.000000
0.000000
0.000000
0.000000
0.000000
0.000000
0.000000
0.000000
0.000000
0.000000
0.000000
0.000000
0.000000
0.000000
0.000000
0.000000
0.000000
0.000000
0.000000
0.000000
0.205965
0.652050
0.773251
0.511288
0.386625
0.339331
0.239970
0.447702
0.233293
0.749031
0.773108
0.387305
0.147218
0.114282
0.069834
0.318291
0.167116
0.661959
0.526287
0.016836
0.000000
0.000000
0.035716
0.341307
0.104407
0.731647
0.353487
0.000000
0.000000
0.000000
0.000000
0.467886
0.253054
0.837419
0.241958
0.000000
0.000000
0.000000
0.000000
0.554255
0.371210
0.641885
0.047211
0.000000
0.000000
0.000000
0.302587
0.771977
0.240841
0.351534
0.000000
0.000000
0.000000
0.317981
0.963807
0.919785
0.000000
0.011559
0.000000
0.000000
0.276842
0.557674
0.669505
0.446351
0.390817
0.558836
0.706856
0.750060
0.704866
0.643133
0.689884
0.599747
0.723728
0.885155
0.919304
1.089967
0.931665
0.937112
0.919489
0.800657
0.726800
0.965939
1.025362
0.937792
0.888317
0.877349
1.069729
1.056513
0.659437
0.849039
1.068485
1.058658
0.871279
0.641955
0.864829
0.982655
0.358463
0.649481
0.874280
0.899703
0.500156
0.353606
0.828024
1.078949
0.276969
0.683391
0.987554
0.633032
0.337594
0.423677
0.923098
0.861796
0.608956
1.210583
1.251868
0.722574
0.595846
0.685028
0.937553
0.826218
0.670568
1.043267
1.034167
0.864074
0.956678
0.924855
0.862450
0.853863
0.000000
0.238987
0.286861
0.000000
0.000000
0.000000
0.081925
0.070881
0.000000
0.496236
0.443830
0.059428
0.101014
0.254671
0.461352
0.620554
0.000000
0.689115
0.576720
0.374045
0.240172
0.287348
0.556467
0.646771
0.249161
0.857387
0.593434
0.411682
0.145714
0.070331
0.238647
0.610023
0.583423
0.974333
0.812111
0.318097
0.000000
0.000000
0.334603
0.700113
0.600199
1.027514
0.408619
0.000000
0.000000
0.000000
0.476453
0.600862
0.306616
0.262840
0.000000
0.000000
0.000000
0.033672
0.276268
0.507262
0.261455
0.337768
0.122378
0.176282
0.234572
0.167501
0.336121
0.304953
0.392901
0.703839
0.707107
0.579381
0.597369
0.637253
0.792515
0.251398
0.410099
0.810186
0.676019
0.703862
0.906126
0.897412
0.984090
0.656779
0.352785
0.759581
0.759302
0.753509
0.661982
0.722326
0.845708
0.671883
0.454930
0.768760
0.965323
0.873300
0.642167
0.422196
0.685755
0.616376
0.429545
0.975799
1.118773
0.787758
0.583675
0.126521
0.589683
0.685703
0.309587
0.666228
0.851355
0.613751
0.000000
0.000000
0.521175
0.516187
0.300050
0.542208
0.766289
0.590119
0.106768
0.166771
0.591481
0.324788
0.157925
0.356191
0.395642
0.154282
0.022508
0.211317
0.399656
0.453900
0.000000
0.000000
0.000000
0.000000
0.093044
0.255969
0.270703
0.099305
0.000000
0.000000
0.000000
0.000000
0.017489
0.267037
0.202887
0.000000
0.000000
0.000000
0.000000
0.000000
0.216430
0.576499
0.183535
0.000000
0.000000
0.000000
0.000000
0.136977
0.673772
0.658145
0.095011
0.000000
0.000000
0.000000
0.051037
0.439188
0.868459
0.679403
0.016330
0.000000
0.000000
0.363662
0.590227
0.988343
1.113814
0.583661
0.153432
0.000000
0.200728
0.930742
0.995485
1.075806
0.978797
0.536699
0.475555
0.158187
0.000000
0.024845
0.000000
0.000000
0.000000
0.000000
0.000000
0.000000
